variant_id,stop_id
800858,2899
800858,3422
802595,3422
803015,2899
803015,3422
805419,73
805422,83
805422,2482
805422,73
805440,1705
805507,1407
805507,1532
805593,1603
805593,1497
805675,4248
805675,2040
805675,1705
805676,4248
805676,2040
805676,1705
806431,1704
806432,1704
806432,2477
806432,4248
806466,1705
806466,4201
809307,1869
809315,1531
809343,1531
809343,1408
809416,1376
809416,1532
809456,1868
809478,1531
809494,1531
809536,1531
809723,568
809723,572
809873,4248
809873,2040
809873,1705
809910,4013
809910,3976
809910,4026
809910,4002
809911,4003
809911,4025
809911,3976
809911,4014
809920,1705
810473,3667
810473,3586
810558,1542
811372,1532
811821,1532
811826,1531
811827,1531
811827,1408
812502,1704
812502,2251
812502,895
812503,992
812503,1015
812503,1705
812504,1704
812504,2251
812505,1015
812505,1705
812507,3977
812507,992
812507,1705
812508,1704
812508,2251
812508,895
812512,992
812512,1015
812513,992
812513,1015
812513,1705
812516,3871
812516,992
812516,1015
812517,3871
812517,992
812517,1015
812517,1705
812518,3871
812518,992
812518,1015
812518,1705
812530,1015
812531,1015
812531,1705
812532,1015
812532,1705
812540,1705
812541,3977
812541,992
812541,1705
812556,1704
812556,2251
812556,895
812556,3870
812782,638
812782,3124
812783,3123
812783,636
812785,638
812785,3124
812785,4439
812788,4521
812788,3123
812788,636
813987,1704
813987,149
813988,148
813988,1705
813989,1704
813989,149
813990,148
813990,1705
813993,1704
813993,149
813993,912
813995,148
813996,148
813996,1705
813997,148
813997,1705
813998,153
813998,148
813998,1705
813999,153
813999,148
814000,153
814000,148
814000,1705
814001,153
814001,148
814001,1705
814002,148
814003,148
814003,1705
814004,148
814004,1705
814005,153
814005,148
814006,153
814006,148
814006,1705
814008,153
814008,148
814008,1705
814009,1704
814009,149
814009,153
814576,1249
814576,27
814599,4125
814599,4137
814599,4122
814599,3906
814599,3514
814599,3519
814603,4376
814603,4125
814603,4137
814603,4122
814603,3906
814603,3514
814603,3519
814604,4125
814604,4137
814604,4122
814681,1160
815232,469
815232,2905
815232,435
815232,1011
815233,469
815233,2905
815233,435
815233,1011
815444,539
815444,527
815449,539
815449,527
815450,3272
815450,539
815450,527
815522,148
815522,1705
815522,4201
815538,3977
815538,992
815538,1015
815538,1705
815688,3977
815688,992
815688,1015
815688,1705
815690,895
815694,895
815694,3976
815695,1704
815695,895
815695,3976
815922,3421
815922,728
815922,3244
815922,3720
815922,4596
815922,3669
815922,3706
815922,3709
815922,1081
815922,3064
815922,3672
815922,4422
815923,4423
815923,3671
815923,3065
815923,1082
815923,3707
815923,3670
815923,4597
815923,3720
815923,727
815923,3415
815995,3720
815995,3245
815995,727
815995,3415
815999,3420
815999,2782
815999,4566
816001,3420
816001,2782
816001,3641
816001,4254
816002,3420
816002,2782
816002,3641
816002,3621
816003,3420
816003,2782
816003,3641
816004,3420
816004,2782
816004,3641
816006,2934
816006,2781
816006,3415
816007,4566
816007,2934
816007,2781
816007,3415
816008,4254
816008,2934
816008,2781
816008,3415
816009,2934
816009,2781
816009,3415
816013,3598
816013,4590
816013,3415
816014,3419
816014,4591
816014,3599
816155,33
816155,4663
816155,538
816156,539
816156,4664
816156,838
816232,2855
816232,205
816353,3890
816353,304
816354,1151
816354,305
816354,3891
816354,1002
816399,26
816399,3133
816404,271
816404,281
816404,3782
816404,378
816405,3782
816405,378
816422,2342
816433,2011
816433,4400
816433,348
816433,1215
816433,481
816434,480
816434,2035
816434,350
816435,3807
816435,349
816435,1215
816435,481
816436,480
816436,347
816436,2666
816436,4401
816436,2010
816437,480
816437,347
816437,2666
816437,4401
816437,2010
816437,864
816439,480
816439,2035
816439,350
816468,1160
816469,665
816489,2935
816489,2506
816489,3422
816489,2013
816489,761
816490,760
816490,1230
816490,2711
816490,3419
816490,2935
816490,2375
816493,2935
816493,2506
816493,3422
816493,2013
816494,2506
816494,3422
816494,2013
816494,761
816495,2506
816495,3422
816495,2013
816498,760
816498,1230
816498,2711
816498,3419
816498,2375
816511,638
816511,3124
816511,4439
816512,4728
816512,4521
816512,3123
816512,636
816650,4254
816650,2934
816650,2781
816650,3415
816653,2011
816653,941
816653,4389
816653,2665
816653,348
816653,481
816653,509
816674,812
816674,3861
816674,4458
816674,4115
816674,4481
816674,4678
816674,4461
816674,4746
816675,4747
816675,4462
816675,4678
816675,4480
816675,4114
816675,4457
816675,3410
816682,3977
816682,992
816682,1705
816692,334
816692,3812
816692,4400
816692,2665
816692,4280
816692,1934
816692,4278
816694,4277
816694,1933
816694,4279
816694,2666
816694,4401
816694,3813
816694,335
816740,665
816781,2820
816781,1496
816781,1604
816825,1603
816825,1497
816825,2818
816838,1629
816838,1746
816838,1420
816838,3521
816850,1573
816850,1501
816850,1580
816850,1544
817078,3628
817078,4554
817078,3617
817078,3603
817078,3596
817078,3598
817078,4590
817078,3415
817079,4423
817079,3671
817079,3065
817079,1082
817079,3707
817079,3670
817079,4597
817079,3720
817079,4529
817079,727
817079,3415
817080,3421
817080,728
817080,3244
817080,4596
817080,3669
817080,1702
817080,3706
817080,3709
817080,1081
817080,3064
817080,3672
817080,4422
817081,3421
817081,728
817081,3720
817081,4596
817081,3668
817081,1979
817081,3706
817081,3709
817081,1081
817081,3064
817081,3672
817081,4422
817082,3421
817082,728
817082,4596
817082,3668
817082,1979
817082,3669
817082,3706
817083,3421
817083,728
817083,4596
817083,3668
817083,1979
817083,3669
817083,3706
817083,3709
817083,1081
817083,3064
817083,3672
817083,4422
817085,4423
817085,3671
817085,3065
817085,1082
817085,3707
817085,3668
817085,1979
817085,3670
817085,4597
817085,3720
817085,727
817085,3415
817086,4423
817086,3671
817086,3065
817086,1082
817086,3707
817086,1979
817086,3670
817086,4597
817086,727
817086,3415
817103,3517
817103,3518
817103,1218
817103,4138
817103,4123
817104,3517
817104,3518
817104,1218
817104,4138
817104,4123
817104,4375
817148,2528
817148,3901
817148,2855
817148,1174
817149,1306
817149,2863
817149,3900
817149,2527
817205,1151
817205,318
817205,3892
817205,1249
817205,27
817225,2747
817225,582
817225,568
817225,575
817225,1740
817382,1239
817382,281
817382,403
817382,2341
817382,3924
817382,4635
817382,3405
817382,3404
817382,4632
817412,637
817485,679
817491,637
817491,668
817493,667
817493,636
817541,480
817541,347
817541,2666
817541,4401
817541,2010
817568,3405
817568,3404
817568,4632
817568,3924
817568,864
817568,3512
817570,2172
817616,3131
817621,647
817621,637
817625,636
817626,2747
817626,568
817663,1397
817684,884
817684,217
817684,212
817724,3421
817724,2275
817725,2276
817725,3415
817726,3421
817726,2275
817727,2276
817727,3415
817733,378
817733,3890
817735,1215
817735,481
817793,378
817793,864
817793,327
817793,2816
817793,546
817793,1741
817793,604
817793,711
817793,3421
817793,2305
817799,604
817799,711
817799,3420
817844,3884
817844,3415
817844,2828
817844,603
817844,1900
817844,1740
817963,518
817963,436
817963,3134
817964,526
817964,538
817966,526
817966,538
817966,3272
817968,526
817968,538
817969,553
817969,1742
817969,3517
817969,480
817969,2527
817970,2330
817970,2528
817970,481
817970,3526
817970,1743
817970,554
817973,2330
817973,2528
817973,481
817973,3526
817973,1743
817973,554
817974,2528
817974,481
817974,3526
817974,1743
817981,1742
817981,3517
817981,480
817981,3894
817989,3420
817989,2782
817989,4566
817989,4256
817989,2115
817992,4254
817992,4566
817992,3608
817992,3415
817992,2828
817992,603
817995,616
817995,1248
817995,711
817995,3419
817995,2279
817995,4591
817995,3599
817995,3597
817995,3604
817995,3601
817995,3663
817995,1083
817996,1200
817996,3662
817996,3600
817996,3603
817996,3596
817996,3598
817996,4590
817996,3415
817996,2828
817996,1819
817997,616
817997,1248
817997,711
817997,3419
817997,2279
817997,4591
817997,3599
817997,3597
817997,3604
817997,3601
817997,4528
817997,3720
817998,3720
817998,4529
817998,3600
817998,3603
817998,3596
817998,3598
817998,4590
817998,3415
817998,2828
817998,1819
817999,616
817999,1248
817999,711
817999,3419
817999,2279
817999,4591
817999,3599
817999,3597
817999,3604
817999,1086
817999,3632
817999,3621
817999,1092
818000,3689
818000,3736
818000,1093
818000,4254
818000,3617
818000,3603
818000,3596
818000,3598
818000,4590
818000,3415
818000,2828
818000,1819
818003,604
818003,711
818003,3422
818003,4523
818003,4566
818004,604
818004,711
818004,3422
818004,4523
818004,3641
818004,4254
818005,604
818005,711
818005,3422
818005,4523
818005,3641
818005,3621
818006,4254
818006,4566
818006,3608
818006,3415
818006,2828
818006,603
818007,4254
818007,4566
818007,3608
818007,3415
818007,2828
818007,603
818008,4254
818008,4566
818008,3608
818008,3415
818008,2828
818008,603
818009,1093
818009,4254
818009,4566
818009,3608
818009,3415
818009,2828
818009,603
818010,1093
818010,4254
818010,4566
818010,3608
818010,3415
818010,2828
818010,603
818011,4566
818011,3608
818011,3415
818011,2828
818011,603
818026,616
818026,1248
818026,711
818026,3419
818026,2279
818026,4591
818026,3599
818026,3597
818026,3604
818026,3601
818026,3664
818026,3635
818026,1079
818027,616
818027,1248
818027,711
818027,3419
818027,2279
818027,4591
818027,3599
818027,3597
818027,3604
818027,3601
818027,3663
818027,1083
818029,616
818029,1248
818029,711
818029,3419
818029,2279
818029,4591
818029,3599
818029,3597
818029,3604
818029,3601
818029,3664
818029,3635
818031,1200
818031,3662
818031,3600
818031,3603
818031,3596
818031,3598
818031,4590
818031,3415
818031,2828
818031,1819
818032,1202
818032,3615
818032,3665
818032,3600
818032,3603
818032,3596
818032,3598
818032,4590
818032,3415
818032,2828
818032,707
818032,1819
818033,1202
818033,3615
818033,3665
818033,4529
818033,3600
818033,3603
818033,3596
818033,3598
818033,4590
818033,3415
818033,2828
818033,1819
818036,1200
818036,3662
818036,3600
818036,3616
818036,3603
818036,3596
818036,3598
818036,4590
818036,3415
818036,2828
818036,1819
818037,616
818037,1248
818037,711
818037,3419
818037,2279
818037,4591
818037,3599
818037,3597
818037,3604
818037,3616
818037,3601
818037,4528
818037,3720
818038,616
818038,1248
818038,711
818038,3419
818038,2279
818038,4591
818038,3599
818038,3597
818038,3604
818038,1086
818038,4555
818038,4554
818038,3601
818038,4528
818038,3720
818040,616
818040,1248
818040,711
818040,3419
818040,2279
818040,4591
818040,3599
818040,3597
818040,3604
818040,1086
818040,4555
818040,4554
818040,3601
818040,4528
818040,3720
818041,711
818041,3419
818041,2279
818041,4591
818041,3599
818041,3597
818041,3604
818041,3616
818041,3601
818041,4528
818041,3720
818043,3720
818043,4529
818043,3600
818043,3616
818043,3603
818043,3596
818043,3598
818043,4590
818043,3415
818043,2828
818043,1819
818045,3601
818045,4529
818045,3600
818045,3603
818045,3596
818045,3598
818045,4590
818045,3415
818045,2828
818045,1819
818046,616
818046,1248
818046,711
818046,3419
818046,2279
818046,4591
818046,3599
818046,3597
818046,3604
818046,3616
818046,1086
818046,3632
818046,3621
818046,1092
818047,616
818047,1248
818047,711
818047,3419
818047,2279
818047,4591
818047,3599
818047,3597
818047,3604
818047,1086
818051,616
818051,1248
818051,711
818051,3419
818051,2279
818051,4591
818051,3599
818051,3597
818051,3604
818051,1086
818051,4555
818051,3629
818052,616
818052,1248
818052,711
818052,3419
818052,2279
818052,4591
818052,3599
818052,3597
818052,3604
818052,1086
818052,4555
818052,3629
818053,616
818053,1248
818053,711
818053,3419
818053,2279
818053,4591
818053,3599
818053,3597
818053,3604
818053,1086
818053,3632
818053,4254
818054,616
818054,1248
818054,711
818054,3419
818054,2279
818054,4591
818054,3599
818054,3597
818054,3604
818054,1086
818054,3632
818054,4254
818056,711
818056,3419
818056,2279
818056,4591
818056,3599
818056,3597
818056,3604
818056,1086
818056,3632
818056,3621
818056,1092
818057,3628
818057,4554
818057,3617
818057,3603
818057,3596
818057,3598
818057,4590
818057,3415
818057,2828
818057,707
818057,1819
818059,1093
818059,4254
818059,3617
818059,3603
818059,3596
818059,3598
818059,4590
818059,3415
818059,2828
818059,1819
818060,3617
818060,3603
818060,3596
818060,3598
818060,4590
818060,3415
818060,2828
818060,1819
818061,4254
818061,3617
818061,3603
818061,3596
818061,3598
818061,4590
818061,3415
818061,2828
818061,1819
818062,576
818062,567
818062,2113
818062,4255
818062,4566
818082,604
818082,711
818082,3422
818082,4523
818082,3641
818082,3621
818087,334
818087,3812
818087,4400
818087,2665
818087,4280
818087,1934
818087,4278
818111,1748
818111,1420
818111,1543
818393,4423
818393,3671
818393,3065
818393,1082
818501,1748
818501,1420
818502,1419
818502,1749
818558,3899
818558,1819
818558,2815
818558,317
818558,281
818558,3934
818567,3526
818567,546
818567,1248
818567,711
818567,3420
818571,3933
818571,2863
818571,316
818571,2816
818571,613
818571,3895
818608,2528
818608,481
818608,3103
818608,509
818608,3526
818608,546
818608,1743
818608,554
818613,3415
818613,2828
818613,1819
818613,1330
818613,3517
818691,803
818691,1740
818695,1795
818695,556
818695,871
818696,596
818696,803
818696,555
818696,551
818696,1740
818697,1795
818697,556
818697,871
818697,1034
818697,1701
818697,595
818698,596
818698,1034
818698,1701
818698,803
818698,555
818698,551
818698,1740
818817,576
818817,2880
818817,565
818817,551
818817,607
818844,650
818844,656
818844,1330
818844,3517
818844,480
818845,638
818961,3514
818961,508
818961,480
818961,347
818961,2666
818961,4389
818961,341
818961,2010
818961,4738
818964,1795
818964,556
818964,871
818964,595
818967,568
818968,1329
818968,665
818977,604
818977,711
818977,3421
818977,2305
818977,2871
818991,679
818991,212
818991,1306
818991,281
818991,1962
818991,3934
818991,3890
818991,480
818991,2527
818998,2528
818998,3901
818998,2855
818998,1174
818998,3416
818998,116
819015,3415
819015,2828
819015,1819
819015,1330
819015,3517
819017,3415
819017,2828
819017,603
819017,1900
819017,1740
819022,3891
819022,3139
819022,3924
819022,4635
819022,3405
819022,3404
819022,4632
819025,637
819025,1165
819025,668
819025,2172
819025,675
819025,1074
819027,604
819027,711
819027,3422
819028,3895
819044,2172
819044,675
819055,2871
819095,2342
819096,2815
819096,3891
819096,396
819096,2342
819103,1215
819103,481
819108,1215
819108,481
819109,1215
819109,481
819113,3900
819113,2527
819128,788
819129,3901
819129,304
819129,2531
819129,884
819129,217
819167,3901
819167,281
819171,1160
819171,824
819171,651
819171,656
819171,3517
819171,508
819173,650
819173,665
819174,1160
819174,824
819174,651
819179,3415
819179,2828
819182,604
819182,711
819182,3420
819183,3421
819188,864
819188,3901
819190,1151
819190,318
819190,3892
819190,27
819191,26
819191,445
819191,3906
819191,319
819195,864
819195,3890
819195,3518
819195,3106
819196,3891
819196,3139
819196,3924
819196,4635
819197,1330
819198,3405
819198,3404
819198,4632
819198,3924
819198,864
819199,3405
819199,3404
819199,4632
819199,3924
819199,864
819201,638
819218,576
819218,567
819218,2747
819281,1541
819321,1680
819324,1496
819324,1604
819328,1629
819328,2034
819328,1417
819328,3521
819328,1397
819332,1496
819332,1604
819377,1748
819377,1547
819383,1398
819391,1629
819391,2034
819391,1417
819391,1533
819391,2817
819391,1496
819391,1604
819392,1603
819392,1497
819392,2818
819392,1534
819392,1418
819392,2033
819392,1628
819411,1603
819411,1497
819421,1542
819423,1541
819426,1629
819426,2034
819426,1417
819426,1533
819426,2817
819448,1548
819448,1749
819459,1397
819782,83
819782,2482
819782,73
819782,3467
819782,2839
819783,2838
819783,3476
819783,74
819783,1025
819784,83
819784,2482
819784,73
819784,3467
819784,2839
819784,3994
819785,2838
819785,3476
819785,74
819785,1025
819786,2838
819786,3476
819786,74
819786,1025
819787,2838
819787,3476
819787,74
819787,1025
819789,3995
819789,2838
819789,3476
819789,74
819789,1025
819790,3995
819790,2838
819790,3476
819790,74
819790,1025
819792,74
819792,1025
819793,74
819793,1025
819794,74
819794,1025
819795,74
819795,1025
819796,3995
819796,2838
819796,3476
819796,74
819796,1025
819798,4647
819798,639
819809,1497
819809,2818
819809,3523
819809,1419
819809,1471
819809,1749
819826,1746
819826,1470
819826,1420
819826,3521
819826,2820
819828,2818
819828,3523
819828,1419
819828,1471
819828,1749
819849,1746
819849,1470
819849,1420
819849,1533
819901,1533
819901,1553
819901,4684
820077,1160
820077,639
820077,3899
820077,1892
820077,604
820077,934
820077,568
820079,1892
820079,603
820079,576
820079,567
820079,2747
820080,1819
820081,2747
820081,582
820081,568
820081,575
820081,1740
820081,874
820081,613
820082,803
820082,1740
820082,613
820084,1819
820086,1160
820086,639
820086,3899
820086,1892
820086,604
820086,934
820086,567
820086,2747
820087,2747
820087,568
820087,1189
820087,935
820087,613
820087,4652
820087,637
820087,644
820087,1329
820087,665
820088,1160
820088,639
820088,3899
820088,1892
820088,604
820088,568
820088,1034
820088,1701
820089,1160
820089,639
820089,3899
820089,1892
820089,604
820089,934
820089,1034
820089,1701
820089,567
820089,2747
820090,1160
820090,639
820090,3899
820090,1892
820090,604
820090,2117
820090,568
820091,1160
820091,639
820091,3899
820091,1892
820091,604
820091,934
820091,2117
820091,567
820091,2747
820092,1034
820092,1701
820092,568
820092,1189
820092,935
820092,613
820092,4652
820092,637
820092,644
820092,1329
820092,665
820093,2747
820093,568
820093,2117
820093,935
820093,613
820093,4652
820093,637
820093,644
820093,1329
820093,665
820094,2747
820094,1034
820094,1701
820094,2117
820094,935
820094,613
820094,4652
820094,637
820094,644
820094,1329
820094,665
820095,568
820095,2117
820095,935
820095,613
820095,4652
820095,637
820095,644
820095,1329
820095,665
820096,639
820096,3899
820096,1892
820096,604
820096,934
820096,2747
820097,568
820097,1189
820097,935
820097,613
820097,4652
820097,637
820097,644
820098,2747
820098,568
820098,1189
820098,935
820098,613
820098,4652
820098,637
820098,644
820109,568
820109,1189
820109,935
820109,613
820109,4652
820109,637
820109,644
820109,1329
820109,665
820112,638
820112,4646
820117,596
820117,803
820117,1740
820117,613
820121,4690
820124,4652
820124,637
820124,668
820124,2172
820125,639
820125,3899
820130,647
820130,639
820130,3899
820130,1248
820130,711
820130,3421
820130,2305
820131,2274
820131,3415
820131,2828
820131,613
820131,4652
820131,638
820131,700
820147,3526
820147,546
820147,613
820148,3415
820148,2828
820148,613
820163,613
820167,4652
820167,637
820168,639
820168,3899
820169,3895
820170,3933
820170,2863
820170,316
820170,2816
820170,613
820170,4652
820171,4652
820172,3895
820173,3899
820173,1819
820173,2815
820173,317
820173,281
820173,3934
820174,3884
820174,3415
820174,2828
820186,639
820186,3899
820187,4652
820194,3895
820195,3895
820195,3144
820198,4652
820199,4652
820203,639
820203,3895
820204,4652
820204,637
820205,2274
820205,3415
820205,2828
820205,613
820205,4652
820205,638
820284,604
820284,711
820284,3422
820284,4523
820284,3641
820284,3027
820284,4659
820284,2254
820285,2255
820285,4660
820285,4566
820285,3608
820285,3415
820285,2828
820285,603
820287,3720
820287,4529
820287,3600
820287,3603
820287,3596
820287,3598
820287,4590
820287,3415
820287,2828
820290,3420
820290,2782
820290,3641
820290,2254
820291,2255
820291,2934
820291,2781
820291,3415
820292,604
820292,711
820292,3422
820292,4523
820292,3641
820292,3027
820292,4659
820292,2254
820295,2255
820295,4660
820295,4566
820295,3608
820295,3415
820295,2828
820295,603
820296,2255
820296,4660
820296,4566
820296,3608
820296,3415
820296,2828
820296,603
820297,2255
820297,4660
820297,4566
820297,3608
820297,3415
820297,2828
820297,603
820298,3689
820298,2255
820298,4660
820298,4566
820298,3608
820298,3415
820298,2828
820298,603
820314,2274
820314,3415
820314,2828
820314,603
820314,1740
820314,1330
820314,2815
820314,3891
820314,2342
820325,1151
820325,305
820325,3891
820326,1151
820326,305
820326,3891
820332,4652
820332,637
820338,2880
820338,553
820338,1740
820338,1330
820338,3517
820338,508
820342,304
820342,2531
820342,884
820342,217
820343,3901
820344,637
820345,2274
820345,3415
820345,2828
820345,603
820345,1740
820345,1330
820345,2815
820351,1230
820351,3421
820351,613
820351,637
820355,637
820357,1249
820357,3134
820366,3892
820366,27
820368,656
820368,657
820368,3891
820368,3139
820368,3924
820368,4635
820370,2172
820370,675
820370,678
820379,4652
820396,2528
820396,481
820396,3526
820396,1743
820396,1795
820396,554
820397,480
820397,2035
820397,350
820397,2010
820422,1398
820422,3522
820422,1418
820422,2033
820422,1628
820433,1407
820433,1532
820520,494
820534,1680
820534,1584
820534,2033
820534,1750
820552,1548
820552,1420
820563,1548
820563,1420
820563,3521
820564,1548
820564,1420
820564,3521
820592,1587
820598,1407
820598,1532
820598,2818
820613,1751
820613,2032
820613,1585
820613,1868
820624,3598
820624,4590
820624,3421
820624,2305
820624,2871
820624,3652
820624,3646
820624,3036
820624,1979
820624,3669
820624,1702
820624,3706
820624,3588
820624,3666
820624,3722
820625,3667
820625,3707
820625,1703
820625,3668
820625,1731
820625,3037
820625,3647
820625,3653
820625,2899
820625,2274
820625,3419
820625,4591
820625,3599
820626,4255
820626,2934
820626,2781
820626,3415
820627,576
820627,567
820627,2113
820627,4255
820627,3641
820627,4254
820627,3600
820628,3600
820628,1086
820628,3632
820628,4254
820628,4566
820628,4256
820628,2113
820628,568
820628,575
820630,3421
820630,2305
820630,2871
820630,3652
820630,3646
820630,3036
820630,1979
820630,3669
820630,1702
820630,3706
820630,3588
820630,3666
820630,3722
820631,3667
820631,3707
820631,1703
820631,3668
820631,1731
820631,3037
820631,3647
820631,3653
820631,2899
820631,2274
820631,3415
820632,3421
820632,2305
820632,2871
820632,3652
820632,3646
820632,3645
820632,3722
820632,3852
820633,3721
820633,3644
820633,1731
820633,3647
820633,3653
820633,2899
820633,2274
820633,3415
820634,3721
820634,3644
820634,1731
820634,3647
820634,3653
820634,2899
820634,2274
820634,3419
820634,4591
820634,3599
820636,3598
820636,4590
820636,3421
820636,2305
820636,2871
820636,3652
820636,3646
820636,1731
820636,3645
820636,3722
820636,3852
820639,576
820639,567
820639,2113
820639,4255
820639,4566
820640,4566
820640,4256
820640,2113
820640,568
820640,575
820652,378
820652,864
820652,327
820652,2816
820652,546
820652,1741
820652,604
820652,711
820652,3421
820652,2305
820658,2899
820658,51
820658,2274
820658,3415
820658,2828
820658,603
820658,1740
820663,667
820663,636
820681,2919
820681,2528
820681,3901
820688,396
820688,3890
820688,304
820688,2855
820689,1151
820689,305
820689,3891
820690,1002
820694,604
820694,711
820694,3420
820697,2274
820697,3415
820697,2828
820697,603
820697,1740
820697,1330
820697,2815
820698,2274
820698,3415
820698,2828
820700,1160
820700,824
820700,651
820700,656
820700,3517
820700,508
820700,3106
820700,3514
820700,3901
820708,656
820708,657
820708,3891
820708,3139
820708,3924
820708,4635
820708,3405
820708,3404
820708,4632
820708,4635
820710,3405
820710,3404
820710,3924
820710,2342
820710,1963
820710,2855
820718,212
820718,1306
820718,281
820718,1962
820718,3934
820718,3890
820718,480
820718,2527
820719,2594
820719,934
820735,2342
820747,1582
820747,1578
820747,1614
820747,1543
820747,1397
820836,1680
820836,4250
820836,1614
820836,2817
820836,1496
820836,1604
820837,1629
820837,1746
820837,1420
820837,1533
820837,1581
820837,1502
820837,1572
820838,1573
820838,1501
820838,1580
820838,1534
820838,1419
820838,1747
820838,1628
820840,1680
820840,4250
820840,1614
820840,2817
820840,1496
820840,1604
820845,1573
820845,1501
820845,1580
820845,1544
820847,1541
820847,1581
820847,1502
820847,1572
820848,1541
820848,1581
820848,1502
820848,1572
820853,1582
820853,1578
820853,1614
820853,1543
820854,1542
820854,1617
820854,1579
820854,1583
820857,1532
820857,2818
820857,3523
820857,1548
820857,1747
820857,2032
820857,1388
820857,1585
820860,1582
820860,1578
820860,1614
820860,1543
820860,1410
820862,1409
820862,1542
820862,1617
820862,1579
820862,1583
820863,1582
820863,1578
820863,1614
820863,1543
820865,1584
820865,1578
820865,1614
820865,1543
820867,1541
820867,1617
820867,1579
820867,1583
820868,1398
820868,2820
820868,1541
820868,1617
820868,1579
820868,1583
820875,1396
820879,1748
820879,1420
820879,1533
820883,1582
820883,1578
820883,1614
820883,1543
820883,1397
820884,1398
820884,2820
820884,1541
820884,1617
820884,1579
820884,1585
820885,1398
820885,2820
820885,1541
820885,1617
820885,1579
820885,1583
820890,1573
820890,1501
820890,1580
820890,1534
820890,1419
820890,1547
820890,2536
820904,1419
820904,1547
820904,2536
820910,2969
820910,1542
820913,3522
820913,1419
820913,1547
820913,2536
820916,1582
820916,1578
820916,1614
820926,3405
820926,3404
820926,4632
820926,3924
820926,2342
820926,1963
820926,2855
820926,1142
820950,2528
820950,481
820950,3891
820950,3933
820950,3182
820950,2855
820950,1174
820950,1142
820950,2172
820950,675
820950,678
820963,3405
820963,3404
820963,4632
820963,3924
820963,2342
820963,1963
820963,2855
820963,1142
820965,788
820965,216
820965,226
820965,240
820965,30
820965,305
820965,3900
820966,216
820966,226
820966,240
820966,30
820966,305
820966,3900
820970,3514
820970,2855
820970,1142
820971,2855
820971,1142
820975,509
820975,3526
820975,546
820975,613
820975,3895
820981,509
820981,3526
820981,546
820981,613
820981,637
820983,546
820983,613
820983,637
820984,3526
820984,546
820984,613
820984,637
821013,216
821033,2528
821033,481
821033,3891
821033,3933
821033,2855
821033,1174
821033,1142
821044,2274
821044,3415
821044,2828
821044,613
821135,3893
821135,481
821135,3526
821135,1743
821135,554
821136,553
821136,1742
821136,3517
821136,480
821136,3894
821137,554
821138,553
821138,1742
821138,3517
821138,480
821138,3894
821143,1704
821143,72
821143,1125
821143,4804
821143,114
821144,115
821144,4803
821144,2482
821144,73
821144,1705
821145,115
821145,4803
821145,2482
821145,73
821145,1705
821146,115
821146,4803
821146,2482
821146,73
821146,1705
821147,115
821147,4803
821147,2482
821147,73
821148,2482
821148,73
821148,1705
821149,2482
821149,73
821150,3977
821150,992
821150,1015
821150,1705
821155,2943
821155,179
821172,1573
821172,1501
821172,1580
821172,1534
821172,1419
821172,1547
821172,2536
821174,1746
821174,1470
821174,1420
821174,1533
821174,1553
821174,1581
821174,1502
821174,1572
821175,1573
821175,1501
821175,1580
821175,1534
821175,1419
821175,1471
821175,1749
821176,1746
821176,1470
821176,1420
821176,3521
821176,2820
821177,1542
821177,3523
821177,1419
821177,1547
821177,2536
821182,1629
821182,2034
821182,1417
821182,3521
821182,1397
821183,1407
821183,1532
821183,2818
821183,1553
821183,4684
821183,1679
821183,1502
821183,1572
821184,1573
821184,1501
821184,1387
821184,4685
821184,1552
821184,2817
821184,1531
821184,1408
821187,1582
821187,1389
821187,2033
821187,1748
821187,1547
821187,3524
821187,2820
821187,1531
821188,1748
821188,1547
821189,1680
821189,1584
821189,2033
821189,1750
821190,1573
821190,1501
821190,1580
821190,1534
821190,1419
821190,1547
821191,1573
821191,1501
821191,1580
821191,1544
821193,1533
821193,1553
821193,1581
821193,1502
821193,1572
821195,1616
821195,1533
821195,1553
821195,1581
821195,1502
821195,1572
821202,1573
821202,1501
821202,1580
821202,2817
821205,1584
821205,2033
821205,1472
821205,1749
821206,1616
821206,1533
821206,1553
821206,1581
821206,1502
821206,1572
821207,1553
821207,1581
821207,1502
821207,1572
821208,1533
821208,1553
821208,1581
821208,1502
821208,1572
821210,1680
821210,4250
821210,1614
821210,2817
821213,1586
821215,1587
821216,1584
821216,1578
821216,1614
821216,1543
821216,1397
821217,1746
821217,1470
821217,1420
821217,3521
821219,1584
821219,1472
821219,1749
821220,3522
821220,1419
821220,1471
821220,1749
821228,4685
821228,1534
821236,1398
821236,3522
821236,1418
821236,2033
821236,1628
821238,1584
821238,2033
821238,1628
821240,1573
821240,1501
821240,1387
821240,4685
821240,1552
821240,2817
821241,1573
821241,1501
821241,1387
821241,4685
821241,1552
821241,2817
821242,2820
821242,1553
821242,4684
821242,1679
821242,1502
821242,1572
821243,1616
821243,1533
821243,1553
821243,4684
821243,1679
821243,1502
821243,1572
821244,2818
821244,1553
821244,4684
821244,1679
821244,1502
821244,1572
821251,1541
821256,2818
821256,1534
821256,1418
821256,2033
821256,1628
821257,1584
821257,2033
821257,1628
821258,1582
821258,1389
821258,2033
821258,1748
821258,1547
821258,3524
821258,2820
821258,1531
821258,1408
821260,1586
821261,1584
821261,1389
821261,2033
821261,1748
821261,1547
821261,3524
821261,2820
821261,1531
821263,1542
821263,1617
821263,1579
821263,1585
821264,1586
821265,1680
821265,1587
821266,3523
821266,1419
821266,1747
821266,1628
821267,3522
821267,1419
821267,1747
821267,1628
821273,1548
821273,1749
821279,3933
821279,2863
821279,316
821279,2816
821279,613
821279,3895
821280,1230
821280,3415
821280,2828
821280,1819
821280,1330
821280,3517
821280,508
821280,3107
821280,3514
821280,2816
821280,1154
821280,281
821282,3412
821282,1306
821282,2863
821282,3900
821282,2527
821283,1125
821283,788
821283,216
821283,240
821283,1330
821283,3517
821283,508
821283,3107
821283,3892
821283,1249
821283,3134
821286,788
821286,216
821286,226
821286,240
821286,30
821286,305
821286,3900
821287,3901
821287,304
821287,2531
821287,884
821287,217
821287,2479
821290,4652
821290,1819
821290,1330
821290,3517
821290,508
821290,3102
821290,3514
821290,1154
821290,255
821290,1759
821290,15
821291,16
821291,198
821291,3547
821291,1151
821291,494
821291,3518
821291,3102
821291,509
821291,3526
821291,546
821291,613
821291,3895
821292,637
821292,656
821292,242
821292,255
821294,3526
821294,2816
821294,4570
821294,255
821295,4681
821295,4571
821295,3517
821296,1215
821296,481
821296,3104
821296,509
821296,3526
821296,255
821296,3801
821297,3802
821297,4681
821297,3517
821297,508
821297,3103
821297,480
821297,2035
821298,642
821298,636
821298,1176
821298,4517
821298,1741
821298,1901
821298,604
821298,605
821298,711
821298,3421
821299,3415
821299,2828
821299,606
821299,603
821299,1900
821299,1740
821299,1289
821299,2029
821299,637
821299,668
821299,2172
821299,675
821302,637
821302,650
821302,656
821302,1330
821302,3517
821302,480
821305,1740
821305,2028
821305,215
821306,214
821306,1176
821306,1741
821308,509
821308,3526
821308,841
821308,2029
821308,637
821308,3833
821309,1017
821309,3517
821309,508
821309,3102
821313,1759
821313,1142
821313,216
821313,240
821314,217
821314,2479
821314,115
821315,114
821315,788
821315,216
821316,637
821316,666
821316,212
821316,195
821316,179
821317,180
821317,1142
821317,824
821317,638
821318,3412
821318,3547
821318,1151
821318,305
821318,3891
821318,1002
821319,396
821319,3890
821319,304
821319,2855
821319,255
821319,1759
821319,3416
821320,1160
821320,824
821320,651
821320,656
821320,3517
821320,508
821320,3106
821320,3514
821320,3901
821321,604
821321,711
821321,3420
821324,509
821324,3526
821324,2953
821324,841
821324,1248
821324,2594
821324,934
821325,935
821325,611
821325,1819
821325,1017
821325,1330
821325,3517
821325,508
821325,3102
821326,26
821326,445
821326,3906
821326,319
821326,2855
821326,255
821327,4681
821327,1151
821327,318
821327,3892
821327,27
821328,26
821328,3133
821328,3906
821328,319
821328,2855
821328,255
821329,1306
821329,1151
821329,318
821329,3892
821329,1249
821329,27
821334,4570
821334,255
821334,261
821334,179
821334,3222
821344,3105
821344,509
821344,3526
821344,841
821344,804
821344,576
821344,567
821344,2747
821345,2747
821345,575
821345,1330
821345,3517
821345,3105
821347,1230
821347,3415
821347,2828
821347,1819
821347,1330
821347,3517
821347,508
821347,3107
821347,3514
821347,2816
821347,1154
821347,281
821348,1230
821348,3415
821348,2828
821348,1819
821348,1330
821348,3517
821348,508
821350,2528
821350,3901
821350,2855
821350,1174
821352,3892
821352,1249
821352,3134
821353,1125
821353,788
821353,216
821353,240
821353,1330
821353,3517
821353,508
821353,3107
821353,3892
821353,1249
821353,3134
821355,1125
821355,788
821355,216
821355,240
821355,1330
821355,3517
821355,508
821360,788
821360,2554
821362,1239
821362,281
821362,403
821362,2341
821362,3924
821362,4635
821363,3405
821363,3404
821363,3924
821363,2342
821363,1963
821363,2855
821365,3901
821366,2479
821367,2479
821368,788
821369,2899
821369,55
821369,1945
821369,2274
821369,2304
821369,3415
821369,2828
821369,603
821369,1740
821369,1330
821369,3517
821369,508
821370,2899
821370,55
821370,1945
821370,2274
821370,2304
821370,3415
821370,2828
821370,603
821370,1740
821370,1330
821370,3517
821370,508
821371,2899
821371,55
821371,1945
821371,2274
821371,2304
821371,3415
821371,2828
821373,3421
821373,2273
821373,2305
821373,1945
821373,2871
821375,2899
821375,55
821375,2274
821375,2304
821375,3415
821375,2828
821375,626
821377,1759
821377,116
821378,1759
821378,116
821378,788
821380,16
821380,198
821380,3547
821380,1151
821380,494
821380,3518
821380,3102
821381,16
821381,198
821381,3547
821381,1151
821381,494
821381,3518
821382,3514
821382,1154
821382,255
821382,1759
821382,15
821387,636
821388,656
821388,242
821388,255
821391,4681
821391,4571
821391,3517
821391,3518
821392,3514
821392,3526
821392,2816
821392,4570
821392,255
821393,4681
821393,1142
821394,3801
821395,3802
821395,4681
821395,3517
821395,508
821395,3103
821395,480
821395,2035
821396,3802
821396,4681
821396,3517
821396,508
821396,3103
821396,480
821396,2035
821397,3802
821397,4681
821397,3517
821397,508
821398,480
821398,2035
821402,4681
821405,642
821405,636
821405,1176
821405,1741
821405,1901
821405,604
821405,605
821405,711
821405,3421
821406,642
821406,636
821406,1176
821407,3415
821407,2828
821407,606
821407,603
821407,1900
821407,1740
821407,1289
821407,2029
821407,637
821407,668
821408,642
821408,636
821408,1176
821408,1741
821408,1901
821408,604
821408,605
821408,711
821408,3421
821410,3514
821410,396
821411,378
821412,1188
821412,711
821412,3421
821412,2305
821413,1188
821413,711
821413,3421
821413,2305
821422,94
821422,1125
821422,3762
821422,216
821423,884
821423,217
821423,115
821423,91
821425,94
821425,1125
821425,3762
821425,216
821425,226
821425,952
821426,94
821426,1125
821426,3762
821426,226
821429,799
821429,94
821429,1125
821429,3762
821432,884
821432,217
821432,115
821432,91
821432,3136
821433,242
821433,884
821433,217
821433,115
821433,91
821434,242
821434,884
821434,217
821434,115
821434,91
821434,3136
821435,115
821435,91
821436,115
821436,91
821436,3136
821437,94
821437,1125
821437,3762
821439,1176
821439,1741
821441,1740
821441,2028
821445,509
821445,3526
821445,841
821445,2029
821445,637
821446,1017
821446,3517
821446,508
821446,3102
821461,1759
821461,1142
821461,216
821461,240
821462,1759
821462,1142
821462,216
821462,240
821465,1759
821465,1142
821473,2479
821473,115
821474,195
821474,179
821475,637
821475,666
821475,212
821475,195
821475,179
821476,180
821476,1142
821476,824
821476,638
821477,637
821478,788
821478,3412
821478,3547
821478,1151
821478,305
821478,3891
821478,1002
821479,396
821479,3890
821479,304
821479,2855
821479,255
821479,1759
821479,3416
821480,396
821480,3890
821480,304
821480,2855
821482,3412
821482,3547
821482,1151
821482,305
821482,3891
821482,1002
821488,638
821490,639
821490,3899
821490,1248
821490,711
821490,3421
821490,2305
821491,638
821491,700
821498,4681
821499,26
821499,445
821499,3906
821499,319
821499,2855
821499,255
821500,26
821500,445
821500,3906
821500,319
821500,2855
821500,255
821501,26
821501,445
821501,3906
821501,319
821502,255
821503,4681
821503,4809
821504,26
821504,3133
821504,3906
821504,319
821504,2855
821504,255
821505,26
821505,3133
821505,3906
821505,319
821506,255
821509,509
821509,3526
821509,546
821509,27
821511,26
821511,1330
821511,3517
821511,508
821512,553
821512,1740
821512,1330
821512,3517
821512,508
821519,3526
821519,546
821519,1248
821519,711
821519,3420
821520,1819
821520,1330
821520,3517
821521,1819
821521,1330
821523,1248
821523,711
821523,3420
821526,4628
821527,255
821527,261
821527,179
821527,3222
821528,187
821528,3221
821528,180
821528,4809
821529,1125
821529,114
821537,1125
821537,114
821539,115
821539,1025
821542,2528
821542,481
821548,812
821548,403
821562,636
821563,711
821563,3422
821571,255
821571,261
821571,179
821571,3800
821572,261
821572,179
821572,3800
821573,242
821573,255
821573,261
821573,179
821573,3800
821574,255
821574,261
821574,179
821574,3800
821594,115
821594,1139
821594,981
821594,799
821594,1025
821595,91
821595,798
821595,994
821596,115
821596,1139
821596,981
821596,799
821596,1025
821597,91
821597,798
821597,994
821598,242
821598,255
821598,271
821598,281
821598,3782
821598,378
821599,2342
821599,3781
821599,2861
821599,1149
821599,4681
821605,242
821605,255
821605,271
821605,281
821605,3782
821605,378
821605,1153
821606,1153
821606,2342
821606,3781
821606,2861
821606,1149
821606,4681
821615,2274
821615,3415
821615,2828
821615,1819
821615,1289
821615,2028
821615,884
821615,217
821615,212
821616,1142
821616,216
821616,228
821616,1176
821616,1178
821616,1248
821616,711
821616,3421
821616,2305
821616,728
821617,1142
821617,1176
821617,613
821618,1142
821619,656
821619,1176
821619,1178
821619,1248
821619,711
821619,3421
821619,2305
821619,728
821620,1248
821620,711
821620,3421
821620,2305
821620,728
821621,1742
821621,4570
821621,255
821653,1759
821653,1142
821656,2274
821656,3415
821656,2828
821656,1819
821656,1289
821656,2028
821656,884
821656,217
821656,212
821665,1532
821665,2818
821665,1553
821665,4684
821665,1679
821665,1502
821665,1572
821681,1553
821681,1581
821681,1502
821681,1572
821682,1548
821682,1420
821682,1533
821682,1553
821682,1581
821682,1502
821682,1572
821698,3134
821699,3134
821703,553
821703,1740
821703,1330
821703,3517
821703,508
821703,3103
821703,480
821703,2527
821704,2528
821704,481
821704,3103
821704,509
821704,3526
821704,546
821704,1743
821704,554
821705,1151
821705,494
821705,2815
821705,3518
821705,3102
821705,509
821705,3526
821705,841
821705,1248
821705,711
821705,3422
821706,251
821706,1759
821706,1142
821706,216
821706,240
821715,180
821727,1534
821727,1419
821727,1749
821730,1573
821730,1501
821730,1580
821730,1534
821735,1553
821735,1581
821735,1502
821735,1572
821766,1629
821766,1746
821766,1420
821766,3521
821770,1398
821770,1541
821770,1581
821770,1502
821770,1572
821772,1541
821772,1581
821772,1502
821772,1572
821774,2820
821775,1497
821775,2818
821785,1704
821785,72
821785,1125
821785,4804
821785,114
821786,895
821788,829
821788,4811
821791,4681
821791,240
821791,2862
821791,636
821793,2816
821793,952
821793,1782
821793,1742
821793,3517
821794,636
821794,818
821794,494
821794,3900
821795,3901
821795,952
821795,1782
821795,638
821796,3890
821796,3518
821796,3106
821796,509
821796,3526
821796,2816
821796,545
821796,2862
821796,650
821796,665
821797,481
821797,3526
821797,2017
821797,2862
821797,638
821798,636
821798,818
821798,3517
821798,508
821798,3106
821798,3514
821798,396
821799,864
821799,3890
821799,3518
821799,3106
821799,509
821799,3526
821799,2816
821799,545
821799,1782
821799,638
821800,636
821800,818
821800,3517
821800,508
821800,3106
821800,3514
821800,1000
821800,2342
821801,864
821801,3890
821801,3518
821801,3106
821801,509
821801,2816
821801,545
821801,1782
821801,638
821804,977
821804,1871
821804,1782
821814,952
821816,818
821817,378
821817,864
821817,327
821817,2816
821818,3901
821818,315
821818,1782
821819,4681
821819,240
821819,2862
821819,1165
821822,281
821822,403
821822,378
821823,114
821823,788
821823,216
821823,952
821823,1782
821825,114
821825,788
821825,216
821825,952
821825,815
821825,1782
821827,818
821827,242
821827,217
821827,2479
821827,115
821829,26
821829,1330
821829,3517
821829,545
821829,543
821831,509
821831,3526
821832,2528
821832,481
821832,509
821832,3526
821832,547
821833,509
821833,3526
821833,547
821834,1742
821834,3517
821834,3573
821835,2816
821835,952
821835,1782
821836,3901
821836,952
821836,1782
821836,638
821837,636
821837,818
821837,494
821837,3900
821838,3901
821838,952
821838,1782
821838,638
821838,4562
821839,3890
821839,3518
821839,3106
821839,509
821839,3526
821839,2816
821839,545
821839,2862
821839,650
821839,665
821840,481
821840,3526
821840,547
821840,2017
821840,2862
821840,638
821842,481
821842,3526
821842,547
821842,2017
821842,2862
821844,636
821844,818
821844,3517
821844,508
821844,3106
821844,3514
821845,509
821845,3526
821845,2816
821845,545
821845,1782
821845,638
821846,864
821846,3890
821846,3518
821846,3106
821846,509
821846,3526
821846,2816
821846,545
821846,1782
821846,638
821847,864
821847,3890
821847,3518
821847,3106
821847,509
821847,3526
821847,2816
821847,545
821847,1782
821847,638
821848,3405
821848,3404
821848,4632
821848,3924
821848,864
821848,3526
821850,3105
821850,509
821850,3526
821850,547
821853,1603
821853,1497
821853,2818
821853,1459
821853,1524
821853,1868
821854,1542
821854,1637
821854,1419
821854,1749
821855,1548
821855,1420
821855,1533
821855,1553
821855,1581
821855,1502
821855,1572
821856,1548
821856,1420
821856,3521
821856,1541
821857,1542
821857,3523
821857,1418
821857,2031
821857,1869
821857,1868
821858,1680
821858,2034
821858,1417
821858,3521
821858,1541
821859,1680
821859,2034
821859,1417
821859,3521
821859,1397
821860,1398
821860,3522
821860,1418
821860,2031
821860,1869
821860,1868
821861,1751
821861,2032
821861,1585
821861,1807
821862,1398
821862,3522
821862,1418
821864,1497
821864,2818
821864,3523
821864,1418
821865,1746
821865,1473
821866,1497
821866,2818
821866,1459
821866,1524
821866,1868
821867,1603
821867,1497
821867,2818
821867,1459
821867,1524
821867,1396
821868,2818
821868,1459
821868,1524
821868,1868
821869,2818
821869,1459
821869,1524
821870,4250
821870,1614
821870,2817
821870,1496
821870,1604
821871,1629
821871,2031
821872,1573
821872,1501
821872,1580
821872,1534
821872,1524
821872,2031
821873,1746
821873,1473
821874,1751
821875,1531
821875,1409
821875,1542
821875,1637
821875,1419
821875,1749
821876,1532
821877,2033
821877,1750
821878,4250
821878,1419
821878,1547
821878,2536
821879,1419
821879,1547
821879,2536
821880,1548
821880,1420
821880,1524
821880,2031
821881,1548
821881,1420
821881,1533
821882,1573
821882,1501
821882,1580
821882,1534
821882,1524
821882,2031
821883,1419
821883,1547
821883,2536
821884,1531
821884,1542
821884,3523
821884,1419
821884,1547
821884,2536
821885,1532
821886,1376
821886,1542
821886,3523
821886,1418
821886,2031
821886,1869
821886,1868
821887,1376
821887,1542
821887,3523
821887,1418
821887,2031
821888,1680
821888,2034
821888,1417
821888,3521
821888,1541
821888,1375
821889,3523
821889,1418
821889,2031
821889,1869
821889,1868
821890,1531
821890,1542
821890,3523
821890,1418
821890,2031
821890,1869
821890,1868
821891,3522
821891,1418
821891,2031
821891,1869
821891,1868
821892,1869
821892,1868
821893,1680
821893,2034
821893,1417
821893,3521
821894,1680
821894,2034
821894,1417
821894,3521
821895,1680
821896,1398
821896,3522
821896,1418
821896,2031
821896,1869
821896,1868
821897,1869
821897,1868
821898,1680
821898,2034
821898,1417
821898,3521
821898,1397
821899,1680
821899,2034
821899,1417
821899,3521
821899,1397
821900,1680
821901,1398
821901,3522
821901,1418
821901,2031
821902,2033
821902,1470
821902,1547
821903,2033
821903,1750
821904,1751
821905,2032
821905,4250
821905,1614
821905,1565
821905,2817
821906,1497
821906,2818
821906,1534
821906,1459
821906,1524
821906,2031
821907,2034
821907,1417
821907,1533
821907,1553
821907,4684
821908,4685
821908,1534
821908,1418
821908,2031
821909,1532
821909,2818
821909,3523
821909,1491
821909,1548
821909,1747
821909,2032
821909,1388
821909,1583
821910,1680
821910,2032
821910,4250
821910,1614
821910,1565
821910,2817
821911,2032
821911,4250
821911,1614
821911,1565
821911,2817
821912,2818
821912,1534
821912,1459
821912,1524
821912,2031
821914,2034
821914,1417
821914,1533
821914,1553
821914,4684
821915,4685
821916,1680
821916,2034
821916,1417
821916,1533
821916,1553
821916,4684
821917,4684
821918,1534
821918,1418
821918,2031
821919,1418
821919,2031
821921,1617
821921,1579
821921,1585
821922,1407
821922,1532
821922,2818
821922,3523
821922,1491
821922,1548
821922,1747
821922,2032
821922,1388
821922,1583
821923,1532
821923,2818
821923,3523
821923,1491
821923,1548
821923,1747
821923,2032
821923,1388
821923,1583
821924,1582
821924,1389
821924,2033
821924,1748
821924,1547
821924,3524
821924,2820
821925,3522
821925,1491
821925,1548
821925,1747
821925,2032
821925,1388
821925,1583
821926,1531
821927,2818
821927,3523
821927,1491
821927,1548
821927,1747
821927,2032
821927,1388
821927,1583
821928,1573
821928,1501
821928,1580
821928,1544
821928,1397
821929,2034
821929,1417
821929,1533
821929,1553
821929,4684
821930,1603
821930,1497
821930,2818
821930,3523
821930,1419
821930,1471
821930,1749
821931,1573
821931,1501
821931,1580
821931,1544
821931,1397
821932,212
821932,3547
821935,4813
821935,4387
821935,180
821943,378
821943,3890
821943,480
821943,1249
821943,887
821943,3134
821944,3134
821944,468
821944,3133
821944,481
821944,3891
821944,2341
821945,1963
821945,2863
821945,316
821945,3518
821945,3892
821945,1249
821945,3134
821946,3134
821946,3132
821946,3514
821946,317
821946,281
821946,403
821946,3256
821947,378
821947,3890
821947,480
821947,1249
821947,887
821947,3134
821952,3134
821952,468
821952,3133
821952,481
821952,3891
821952,2341
821953,378
821953,3890
821953,480
821953,1249
821953,887
821953,3134
821954,3134
821954,468
821954,3133
821954,481
821954,3891
821954,2342
821955,1249
821955,887
821955,3134
821956,1963
821956,2863
821956,316
821956,3518
821956,3892
821956,1249
821956,3134
821957,4706
821957,1963
821957,2863
821957,316
821957,3518
821957,3892
821957,1249
821957,3134
821960,3134
821960,3132
821960,3514
821960,317
821960,281
821960,403
821960,4706
821960,3256
821962,469
821962,3132
821962,3514
821962,317
821962,281
821962,403
821962,3256
821963,3134
821963,468
821963,3133
821963,481
821963,3891
821963,2341
821964,378
821964,3890
821964,480
821964,1249
821964,887
821964,3134
821965,3134
821965,468
821965,3133
821965,481
821965,3891
821965,2341
821966,378
821966,3890
821966,480
821966,1249
821966,887
821966,3134
821968,2943
821968,179
821968,4387
821968,4494
821971,2528
821971,2036
821971,353
821971,4284
821971,4286
821971,4291
821971,4301
821971,4276
821971,4275
821972,4288
821972,4300
821972,4754
821972,4285
821972,4283
821972,1217
821972,357
821972,2527
821973,4291
821973,4277
821973,1933
821973,4279
821973,2666
821973,4401
821973,3813
821973,335
821974,2528
821974,2036
821974,353
821974,4284
821974,4286
821974,4291
821974,4301
821974,4276
821974,4275
821976,553
821976,1742
821976,3517
821976,480
821976,2527
821977,2330
821977,2528
821977,481
821977,3526
821977,1743
821977,554
821978,4706
821978,1963
821978,2863
821978,316
821978,3518
821978,3892
821978,1249
821978,3134
821982,1125
821982,114
821982,211
821989,242
821989,217
821989,212
821989,3547
821990,4570
821990,255
821991,4681
821991,4571
821992,187
821992,3221
821992,180
821992,4809
821992,4571
821993,977
821993,818
821993,241
821994,613
821994,3895
821997,212
821997,115
821997,1025
821998,1125
821998,114
821998,211
822001,1125
822001,114
822001,211
822001,952
822003,242
822003,212
822003,115
822003,1025
822004,242
822004,212
822004,115
822004,1025
822005,799
822005,94
822005,1125
822005,3762
822005,216
822006,884
822006,217
822006,115
822006,91
822006,3136
822010,1138
822010,3412
822010,211
822010,240
822012,26
822012,1330
822012,3517
822012,508
822012,3104
822012,3514
822012,545
822012,242
822012,212
822012,2579
822012,3416
822018,603
822018,2880
822019,2880
822019,553
822019,804
822019,637
822020,603
822020,554
822022,242
822022,217
822022,212
822022,3547
822022,251
822023,604
822023,711
822023,3420
822024,604
822024,711
822024,3420
822025,604
822025,711
822025,3420
822026,3415
822026,2828
822026,602
822026,613
822027,602
822028,603
822028,1900
822028,1740
822029,509
822029,3526
822029,2953
822029,546
822029,1741
822030,4681
822030,4571
822030,4627
822030,3517
822031,4681
822031,4571
822031,4627
822031,3517
822032,4681
822033,255
822034,603
822034,1900
822034,1740
822035,602
822036,613
822037,603
822037,1740
822037,1330
822037,2815
822037,3891
822037,396
822037,2342
822038,187
822038,3221
822038,180
822038,4809
822038,4571
822039,977
822039,818
822039,241
822040,818
822040,241
822041,3405
822041,3404
822041,3924
822041,2342
822041,1963
822041,2855
822043,2899
822043,51
822043,2274
822043,3415
822043,2828
822044,603
822044,1740
822045,604
822045,711
822045,3421
822045,2305
822045,2871
822046,3899
822046,604
822046,711
822046,3421
822046,2305
822046,2871
822047,613
822053,4652
822053,1892
822053,603
822053,1900
822054,4652
822054,1892
822054,603
822054,1900
822057,1892
822057,603
822057,1900
822059,114
822059,788
822059,216
822060,114
822060,788
822061,4681
822061,4571
822061,1741
822062,242
822062,255
822062,261
822062,179
822062,3800
822063,3799
822063,3802
822063,180
822063,4809
822063,2723
822064,242
822064,255
822064,261
822064,2492
822064,3800
822067,3799
822067,3802
822067,2869
822067,4809
822067,2723
822068,952
822069,212
822069,115
822069,1025
822070,884
822070,217
822070,115
822070,91
822071,94
822071,1125
822071,3762
822071,216
822072,2341
822072,375
822072,4413
822073,376
822073,1817
822074,812
822074,3861
822074,4458
822074,4115
822074,4459
822074,4746
822075,4747
822075,4460
822075,4114
822075,4457
822075,3410
822076,812
822076,3861
822076,4458
822076,4463
822077,4429
822077,4464
822077,4457
822077,3410
822078,3758
822078,1149
822078,4634
822078,4478
822078,4707
822078,4744
822079,4745
822079,4429
822079,4479
822079,4633
822079,271
822079,3757
822080,2884
822080,1791
822080,4634
822080,4478
822080,4707
822080,4467
822081,4492
822081,4429
822081,4479
822081,3235
822081,1865
822083,812
822083,3861
822083,4458
822083,4115
822083,4481
822083,4678
822083,4461
822083,4746
822083,4711
822084,812
822084,3861
822084,4458
822084,4463
822084,4707
822084,4744
822084,4493
822084,4497
822085,4496
822085,4490
822085,4745
822085,4429
822085,4464
822085,4457
822085,3410
822086,2884
822086,1791
822086,4634
822086,4478
822086,4465
822086,4746
822088,4747
822088,4429
822088,4479
822088,3235
822088,1865
822089,4429
822089,4479
822089,3235
822089,1865
822090,334
822090,3812
822090,4400
822090,2665
822090,4280
822090,1934
822090,4278
822090,4754
822090,4287
822091,33
822091,4663
822091,538
822091,3272
822091,3370
822091,2747
822092,2747
822092,3370
822092,539
822092,4664
822092,838
822093,469
822093,3132
822093,3514
822093,317
822093,281
822093,403
822093,4706
822093,3256
822094,403
822094,3256
822095,2330
822095,2528
822095,481
822095,3526
822095,1743
822095,554
822096,4652
822096,1892
822096,603
822096,1900
822097,4652
822097,637
822097,666
822097,212
822097,255
822097,271
822097,2863
822098,284
822098,2861
822098,1149
822098,1865
822098,4681
822098,1142
822098,824
822098,639
822098,3895
822099,2899
822099,55
822099,1945
822099,2274
822099,2304
822099,3415
822099,2828
822099,603
822099,1740
822099,1330
822099,3517
822099,508
822099,3102
822099,3514
822099,2861
822099,1149
822100,2884
822100,271
822100,2863
822100,3518
822100,3102
822100,509
822100,3526
822100,2953
822100,546
822100,1741
822100,604
822100,711
822100,3421
822100,2273
822100,2305
822100,1945
822100,2871
822101,469
822101,3132
822101,3906
822101,3104
822101,3526
822101,547
822101,242
822101,217
822101,2479
822102,4652
822102,636
822102,818
822102,242
822102,255
822102,271
822103,1149
822103,4681
822103,240
822103,1782
822103,639
822103,3899
822104,666
822104,255
822104,271
822104,281
822104,403
822104,378
822105,2342
822105,1963
822105,3182
822105,2861
822105,1149
822105,4681
822105,1142
822105,824
822106,1251
822107,891
822107,211
822108,3008
822108,891
822108,1138
822108,3412
822108,211
822108,240
822108,3518
822108,3104
822108,509
822108,3526
822108,546
822108,27
822109,26
822109,1330
822109,3517
822109,508
822109,3104
822109,3514
822109,242
822109,212
822109,2579
822109,3416
822109,1251
822109,2999
822110,2880
822110,553
822110,1740
822110,1330
822110,3517
822110,508
822110,3105
822110,3514
822110,545
822110,242
822110,212
822110,129
822110,1251
822111,3008
822111,891
822111,1138
822111,211
822111,240
822111,3105
822111,509
822111,3526
822111,546
822111,1743
822111,554
822111,2880
822112,613
822112,3895
822113,666
822113,212
822113,255
822113,271
822113,2863
822114,284
822114,2861
822114,1149
822114,1865
822114,4681
822114,1142
822114,824
822114,639
822116,4652
822116,637
822116,666
822116,212
822116,255
822116,271
822117,666
822117,212
822117,255
822117,271
822118,666
822118,212
822118,255
822118,271
822119,1149
822119,4681
822119,1142
822119,824
822119,639
822119,3895
822120,284
822120,2861
822120,1149
822120,4681
822120,1142
822120,824
822121,666
822121,212
822121,255
822121,271
822121,2863
822122,799
822122,94
822122,1125
822122,3762
822124,935
822124,611
822125,2884
822125,271
822125,2863
822125,3518
822125,3102
822126,1149
822127,2861
822127,4706
822127,1149
822131,469
822131,3132
822131,3906
822131,3104
822131,3526
822131,547
822131,242
822131,217
822132,3906
822132,3104
822132,3526
822132,547
822132,242
822132,217
822132,2479
822133,3134
822133,3132
822133,3906
822133,509
822133,3526
822133,547
822134,3134
822134,3132
822134,3906
822134,3104
822134,3526
822134,547
822134,242
822134,217
822134,2479
822136,3405
822136,3404
822136,3924
822136,2342
822136,1963
822136,2855
822138,636
822138,818
822138,242
822138,255
822138,271
822139,1149
822139,4681
822139,240
822139,1782
822141,1149
822143,2342
822143,1963
822143,3182
822143,2861
822143,1149
822143,4681
822143,1142
822143,824
822144,2342
822144,1963
822144,3182
822144,2861
822144,1149
822144,4681
822144,1142
822144,824
822144,4562
822147,666
822147,255
822147,271
822147,281
822147,403
822147,378
822150,1251
822153,891
822153,211
822155,891
822160,1251
822162,3008
822162,891
822162,1138
822162,3412
822162,211
822162,240
822162,3518
822163,3008
822163,891
822163,1138
822163,3412
822163,211
822163,240
822163,3518
822164,3514
822164,545
822164,242
822164,212
822164,2579
822164,3416
822164,1251
822164,2999
822167,3008
822167,891
822167,1138
822167,211
822167,240
822167,3518
822168,4681
822168,4809
822169,271
822169,281
822174,2899
822174,55
822174,1945
822174,2274
822174,2304
822174,3415
822174,2828
822174,603
822174,1740
822174,1330
822174,3517
822174,508
822174,3102
822174,3514
822174,2861
822174,1149
822175,242
822175,255
822175,271
822175,281
822175,3782
822175,378
822176,2342
822176,3781
822176,2861
822176,1149
822176,4681
822178,242
822178,255
822178,271
822178,281
822178,3782
822178,378
822180,2861
822180,1149
822180,4681
822182,1153
822182,2342
822182,2861
822182,1149
822182,4681
822183,242
822183,255
822183,271
822183,281
822183,3782
822183,378
822183,1153
822184,1153
822184,2342
822184,3781
822184,2861
822184,1149
822184,4681
822187,255
822187,271
822187,281
822187,378
822188,255
822188,271
822188,281
822188,378
822188,1153
822189,242
822189,255
822189,271
822189,281
822189,378
822189,1153
822190,242
822190,255
822190,271
822190,281
822190,378
822191,255
822191,271
822191,281
